Matriz 1
6 0 0 7 2 4 7 0 9 2 8 3 0 1 0 8 6 8 2 5 5 9 4 9 0 0 4 6 0 9 0 7 9 5 5 7 9 8 5 2 
1 5 7 2 0 7 2 1 7 4 7 5 7 4 3 3 2 5 1 8 3 8 7 9 8 8 7 5 1 3 0 2 5 6 8 3 5 1 3 6 
9 8 0 5 7 8 6 5 3 2 8 6 9 5 1 5 8 8 0 2 5 0 4 6 8 0 6 0 6 9 1 3 1 0 8 2 5 6 9 0 
3 4 1 9 5 9 7 8 6 3 4 3 1 5 6 9 8 3 3 9 6 8 4 6 8 1 8 7 6 1 0 4 7 2 2 2 5 4 7 5 
2 2 3 4 6 6 8 9 2 7 7 5 2 5 3 8 0 0 4 8 1 7 9 7 0 7 8 3 5 3 0 8 5 6 6 2 3 2 7 3 
8 0 5 1 3 3 9 5 2 7 0 9 0 7 2 2 3 2 7 2 2 5 0 9 6 3 8 4 5 1 6 3 7 3 2 6 4 6 3 6 
7 1 4 8 1 0 6 3 2 9 5 9 0 5 6 8 5 2 8 2 4 2 1 6 4 7 7 0 5 6 9 8 5 6 5 7 6 3 9 0 
1 5 5 1 1 5 3 6 5 5 5 3 6 1 1 3 2 4 3 3 4 8 3 7 4 3 9 5 8 5 3 5 8 8 8 2 1 1 0 6 
4 5 0 6 0 9 4 2 7 8 5 9 2 2 0 8 0 2 8 2 4 5 7 0 1 1 2 4 2 0 9 0 5 4 5 4 9 7 1 6 
1 3 1 9 8 9 1 9 9 4 2 6 3 4 7 1 0 5 7 7 7 3 2 9 9 0 6 9 3 6 5 3 6 1 5 9 8 5 8 6 
2 3 6 0 9 5 5 4 9 5 5 0 0 8 4 8 5 4 9 4 2 4 7 2 5 4 6 8 3 7 5 5 2 5 8 9 0 1 6 8 
6 4 0 3 0 3 9 1 1 2 9 0 8 8 0 6 1 3 4 8 8 6 0 0 7 1 7 5 9 0 3 0 0 8 2 1 0 2 7 4 
7 1 0 3 4 1 2 6 7 9 5 5 1 5 2 5 6 9 8 8 7 2 3 6 7 2 9 7 7 3 6 3 8 1 6 3 3 7 8 3 
2 7 5 4 1 5 7 3 5 7 9 0 9 5 7 3 5 3 9 6 6 3 7 4 3 6 2 9 8 1 4 6 8 4 0 1 6 3 3 8 
3 1 5 1 8 2 6 3 0 4 0 1 4 4 6 3 8 6 8 0 9 0 3 4 3 5 7 6 3 8 4 0 0 0 4 7 3 3 6 1 
7 9 7 8 9 3 2 9 1 4 0 1 5 3 3 5 4 8 3 5 5 7 5 0 8 4 2 7 3 1 6 0 6 6 5 5 6 0 2 8 
9 2 0 0 1 2 1 2 4 8 3 4 7 3 8 4 6 0 0 5 6 3 4 7 7 2 3 4 4 5 1 2 8 0 9 5 5 6 0 2 
3 2 4 2 8 2 0 1 3 2 9 8 1 7 2 1 7 6 2 1 1 4 2 3 1 8 6 8 5 9 9 6 5 0 5 3 7 9 7 7 
9 0 8 4 7 2 7 5 3 5 8 8 9 8 1 6 7 9 8 0 1 6 4 1 8 9 8 5 6 4 4 1 9 6 5 8 2 7 8 7 
9 7 5 5 9 2 5 5 5 6 2 1 1 2 0 9 7 7 1 9 8 9 6 2 0 7 5 8 8 7 1 0 5 6 6 2 8 0 7 1 
2 5 9 5 7 0 1 2 2 5 5 3 0 1 7 0 0 9 0 1 1 9 4 2 9 5 7 9 5 8 4 6 3 0 1 2 4 6 4 8 
9 9 6 6 2 8 2 6 1 2 9 7 9 5 4 8 8 4 9 0 5 1 6 7 6 1 8 2 4 5 0 6 3 5 0 6 7 7 9 0 
7 6 2 7 7 8 7 9 4 3 3 4 0 5 9 0 1 6 8 1 9 6 4 9 4 9 5 2 7 8 7 6 8 1 8 3 3 6 8 0 
2 4 5 8 7 4 8 2 6 2 9 6 8 2 0 1 6 5 5 8 1 9 8 7 1 3 8 5 4 2 6 1 2 6 1 2 3 3 4 0 
1 8 3 5 5 8 5 6 0 7 3 6 0 1 2 4 6 5 2 1 4 3 0 0 6 4 9 9 3 8 3 3 1 2 2 3 6 9 8 1 
0 0 1 3 3 4 8 9 7 5 9 9 7 6 3 6 7 5 7 6 1 0 0 4 4 9 8 3 0 4 1 9 0 2 6 1 2 1 2 4 
7 2 6 4 6 2 1 1 7 2 5 4 4 4 5 5 3 9 2 6 4 0 1 1 8 7 7 5 1 2 7 9 4 2 4 8 0 8 4 3 
4 8 3 7 4 2 8 4 4 2 8 9 3 1 0 3 8 0 5 8 0 3 6 6 9 1 3 7 0 8 6 0 3 7 2 1 0 7 7 9 
4 5 3 9 2 9 9 6 3 4 2 2 2 1 6 8 2 1 8 4 9 3 6 3 6 7 5 4 2 0 9 1 6 2 5 8 3 7 3 0 
9 9 8 5 3 3 7 7 8 1 1 2 4 5 1 7 5 8 5 0 2 3 7 7 3 5 1 0 1 6 5 8 4 9 3 0 2 6 8 1 
4 0 6 6 8 5 9 7 3 7 6 3 3 4 5 6 3 0 7 2 2 2 4 7 9 5 4 8 1 2 9 1 5 8 1 1 1 6 8 4 
9 5 1 5 7 2 6 5 6 6 6 4 5 5 6 4 3 1 5 9 5 5 6 4 5 3 2 3 0 6 9 4 1 1 5 3 4 2 0 7 
3 1 2 5 4 0 5 0 3 5 3 1 8 4 6 8 5 4 3 1 5 4 8 0 7 2 6 2 1 5 9 8 4 4 6 8 2 7 7 6 
6 7 6 1 0 8 3 7 9 6 1 3 8 8 9 4 5 2 5 3 1 8 8 1 0 7 5 9 3 3 4 2 1 5 8 6 1 6 1 1 
9 8 2 1 7 2 4 2 1 5 9 4 8 3 0 4 6 7 3 6 6 3 5 7 8 0 9 1 7 1 9 1 1 6 0 7 3 7 1 9 
4 8 6 4 5 2 3 4 4 2 5 4 2 3 0 4 4 1 3 5 4 5 5 6 2 9 8 2 6 4 0 5 5 6 5 9 5 0 8 4 
5 2 8 6 2 6 2 9 0 8 1 6 6 9 4 7 9 7 6 6 7 3 6 1 1 2 0 1 7 4 5 5 3 6 7 1 7 9 2 1 
1 9 6 3 2 1 0 6 0 8 9 5 9 1 7 8 0 4 0 3 4 4 2 2 9 3 3 6 5 5 4 2 2 4 6 9 6 0 8 3 
5 8 7 4 8 6 6 8 7 3 4 9 8 8 3 8 2 1 6 5 9 9 1 5 4 7 3 8 7 9 2 3 9 7 7 3 5 4 4 1 
2 8 8 6 4 0 7 4 4 5 7 0 5 3 6 1 9 3 7 5 0 2 2 8 0 0 9 2 5 8 6 1 9 2 9 0 6 9 2 0 

Matriz 2
4 1 0 6 8 3 5 2 9 2 1 8 5 2 0 7 0 7 7 4 9 5 9 6 3 8 3 5 9 0 9 6 8 1 0 3 6 6 7 7 
2 7 1 7 3 2 7 1 6 2 1 8 5 4 8 6 8 9 0 4 8 8 9 4 6 7 4 7 2 4 7 5 8 9 5 3 1 2 3 1 
4 6 5 2 9 0 3 3 1 1 5 3 8 2 3 2 5 0 4 8 1 1 5 7 9 7 8 7 8 9 6 9 2 2 4 5 2 1 4 7 
2 2 7 9 1 6 2 1 0 6 7 2 1 0 6 9 4 9 3 0 0 3 6 3 1 5 5 9 2 2 1 1 9 2 3 8 0 2 0 7 
8 2 1 2 5 6 2 5 2 4 1 3 1 1 2 7 1 6 6 0 4 2 8 1 7 8 2 2 8 9 2 0 0 9 6 8 9 2 9 0 
0 9 3 2 5 3 2 6 4 9 9 5 1 0 2 3 2 0 5 0 6 1 0 2 9 9 2 1 4 8 3 1 5 6 6 5 1 4 8 2 
2 7 7 2 1 0 5 3 7 4 7 9 8 6 3 5 1 0 3 2 4 1 5 3 8 9 7 8 5 3 4 4 0 5 0 0 1 7 1 3 
8 1 5 2 7 2 3 0 5 3 5 4 8 7 4 3 8 9 7 6 8 7 7 0 4 9 8 8 9 0 0 7 1 4 1 2 1 6 0 4 
0 6 1 9 3 5 4 2 2 5 1 6 0 4 0 6 5 3 8 0 3 8 9 6 1 6 2 6 8 4 0 1 5 4 6 9 2 8 0 5 
7 3 0 5 1 7 2 8 5 6 1 3 5 6 0 0 5 1 6 5 8 0 4 3 5 3 8 9 5 3 9 7 9 3 0 5 4 3 6 9 
6 8 4 0 6 6 8 2 5 5 6 5 7 8 7 6 3 2 6 8 9 0 8 9 9 0 6 6 8 7 7 3 2 1 9 1 5 9 5 1 
2 4 2 4 0 8 9 1 8 9 3 9 3 4 7 9 0 2 6 6 1 9 7 1 2 6 3 6 4 9 8 6 4 4 6 3 7 0 3 4 
5 7 8 9 3 9 1 2 6 0 2 5 7 0 9 2 8 7 2 3 1 1 0 2 5 2 9 0 4 1 0 2 4 8 2 6 6 8 5 5 
5 1 6 4 7 9 1 7 7 4 1 4 9 7 8 9 2 2 9 2 4 5 6 2 1 4 8 3 6 7 4 9 1 7 2 8 4 3 9 6 
4 5 2 5 2 2 8 4 7 0 7 8 4 7 2 9 6 3 7 6 2 7 6 5 8 5 8 1 2 9 4 4 6 1 0 5 0 6 7 1 
8 4 7 2 6 3 3 3 9 5 3 5 6 3 4 2 6 3 6 2 0 7 8 7 6 0 5 7 0 6 8 2 9 1 3 2 2 1 2 2 
3 1 1 4 3 9 5 7 0 1 3 1 6 2 1 9 9 9 3 4 9 8 7 0 8 3 8 3 7 2 9 9 4 1 5 6 0 1 5 7 
6 9 9 8 9 1 6 1 3 2 9 6 6 1 1 7 3 1 0 3 6 2 7 5 5 2 8 7 7 7 0 6 3 0 1 7 9 0 2 8 
7 7 0 5 5 8 0 3 5 9 0 6 7 6 7 2 6 5 3 8 4 8 1 8 8 9 7 8 5 9 1 1 0 0 6 8 4 7 0 8 
8 7 4 3 2 4 3 6 4 2 4 5 8 9 9 9 7 4 4 3 1 3 6 3 8 3 8 6 2 1 6 0 9 7 5 4 1 6 2 0 
8 7 5 9 4 0 1 8 8 8 7 5 5 8 2 9 5 1 4 7 1 4 1 7 8 4 0 8 2 4 8 6 5 5 1 2 1 9 9 3 
3 6 0 3 4 8 4 7 6 2 6 4 3 3 3 5 7 4 0 3 0 9 0 7 1 8 8 9 7 0 3 0 0 2 7 7 9 3 6 8 
1 7 0 6 4 9 4 0 6 7 1 2 3 0 7 7 6 3 3 5 9 7 7 0 4 9 4 8 9 9 0 8 2 6 2 7 9 9 8 2 
9 8 8 5 6 4 2 6 5 6 7 3 2 6 4 5 5 3 3 2 4 9 3 5 9 0 9 6 0 6 5 2 8 7 6 2 1 3 0 7 
4 9 5 9 0 4 9 8 4 1 9 8 1 7 2 3 4 1 2 9 9 2 2 2 9 1 2 1 1 7 5 1 8 3 5 7 6 9 1 7 
7 1 0 5 1 8 7 0 3 0 8 7 0 7 0 3 7 1 0 2 2 2 9 7 9 3 0 7 1 3 1 1 6 7 0 9 1 4 5 6 
3 5 5 6 0 0 1 3 5 5 3 9 8 6 8 2 7 9 3 0 0 7 3 0 3 3 1 3 9 7 7 2 9 8 0 0 1 3 1 3 
0 3 3 5 1 1 3 4 8 9 2 8 9 8 6 7 1 1 9 1 2 0 9 0 0 7 1 8 0 3 1 4 2 0 8 4 6 6 3 6 
0 9 2 6 8 0 1 2 4 5 6 4 1 2 2 0 4 8 1 1 5 8 0 9 7 0 1 8 7 8 0 4 4 5 8 6 1 9 0 9 
7 5 4 2 7 3 4 6 1 6 1 4 1 8 7 3 9 5 3 8 3 1 2 7 0 4 0 6 7 5 5 2 8 1 9 5 3 1 4 3 
6 8 0 0 2 5 5 4 6 6 7 0 9 3 5 2 6 2 8 7 9 1 1 7 5 5 0 9 4 7 9 4 3 4 0 3 5 5 4 8 
1 5 3 3 7 8 3 2 3 9 0 7 0 6 1 5 9 6 8 4 1 2 0 4 2 3 7 0 8 6 0 4 7 6 2 0 8 2 8 7 
2 5 4 2 3 5 4 7 1 8 8 9 5 8 1 9 9 7 2 9 2 3 4 4 7 1 5 6 6 7 3 7 2 9 8 4 2 2 9 6 
1 2 2 9 8 0 6 7 3 7 6 5 0 7 4 8 3 4 3 6 2 4 7 9 9 4 0 4 7 4 7 9 5 8 9 2 4 1 0 2 
0 5 7 5 4 1 4 7 0 2 2 2 0 0 4 2 4 9 0 0 8 0 8 8 5 7 4 9 4 9 7 7 8 5 5 7 1 0 7 9 
9 5 9 3 6 6 6 5 0 5 9 1 1 3 2 6 2 0 6 9 9 9 9 2 8 9 3 0 6 9 0 4 7 8 3 9 7 0 7 0 
3 5 4 7 2 3 1 7 6 5 9 6 7 5 3 1 9 9 3 0 2 1 3 6 1 4 0 7 0 3 1 6 2 1 2 6 7 3 0 5 
5 4 0 5 7 0 6 5 4 9 0 6 4 1 4 0 7 8 7 4 4 7 3 4 1 8 8 2 9 2 3 6 7 2 9 3 5 8 4 0 
8 0 7 4 1 2 0 9 2 6 2 0 9 8 3 1 9 1 8 4 1 6 9 1 0 8 8 1 8 2 0 6 7 7 2 6 4 8 1 8 
0 5 6 7 7 8 5 8 3 1 1 2 4 1 6 8 9 7 1 2 7 0 7 9 6 8 0 4 7 3 9 5 6 6 9 9 3 1 0 4 

Resultado 2
752 914 738 841 800 724 689 837 735 976 802 907 746 818 653 957 964 787 775 663 674 787 949 830 811 869 837 1006 958 849 696 740 915 702 856 828 732 692 688 831 
691 985 714 915 701 779 734 802 756 755 827 915 740 809 753 902 961 694 637 664 712 708 931 805 987 827 803 968 851 926 746 722 920 848 797 911 655 733 674 851 
803 946 776 905 784 711 707 777 796 823 746 906 807 729 749 856 934 876 757 658 874 773 949 710 901 876 864 898 993 922 762 783 979 806 737 851 686 818 724 855 
801 993 775 951 756 795 716 906 888 944 900 1017 918 920 771 1049 1067 890 858 678 762 915 1011 759 1018 978 947 1057 976 940 781 773 990 862 840 939 646 893 708 912 
784 871 677 769 754 791 642 749 819 907 736 906 803 875 761 866 975 777 786 643 685 789 959 761 948 928 895 1028 988 931 696 748 883 898 734 810 656 772 709 827 
712 812 603 744 681 688 637 766 774 827 726 876 792 774 608 787 797 674 743 680 713 763 794 695 864 869 762 899 884 866 747 745 774 737 660 763 624 665 596 869 
896 875 702 856 746 814 738 827 826 963 838 927 851 935 697 878 1005 787 876 832 759 854 970 882 966 887 866 1056 965 1018 851 849 1024 788 667 867 673 742 701 1006 
601 922 631 809 735 643 628 722 690 775 727 851 677 745 673 778 915 765 584 645 680 681 759 802 909 757 706 955 891 865 707 700 813 796 787 752 571 659 603 842 
579 850 496 764 609 711 620 672 777 894 668 787 719 606 660 739 794 673 698 599 717 668 797 750 757 888 620 985 773 823 705 684 749 632 688 786 637 676 586 738 
912 1067 843 1023 787 825 736 962 847 1055 938 997 883 957 825 1034 1072 871 948 784 839 883 1027 799 993 1097 877 1056 984 1086 709 770 1037 917 891 1079 764 897 730 952 
817 944 709 845 855 837 719 866 771 892 708 869 840 858 754 940 976 726 873 752 880 791 1086 848 1014 1055 817 1010 1068 1096 767 799 898 849 832 1029 737 769 773 890 
612 785 608 754 602 524 521 673 752 642 635 759 779 720 676 714 695 578 594 542 578 581 703 694 800 657 654 785 744 643 663 580 713 669 607 636 508 785 485 688 
893 974 714 948 779 774 706 885 857 976 782 975 951 937 734 937 1023 852 879 773 861 863 1008 811 955 902 906 1097 1039 984 818 842 999 801 788 934 722 895 707 1020 
748 1048 668 955 791 869 712 807 897 909 821 1002 953 914 799 978 1087 815 797 774 808 741 935 895 1084 919 912 1082 949 957 735 831 856 842 823 944 676 954 738 935 
764 716 591 699 611 568 511 677 635 676 626 691 732 674 558 691 765 580 641 613 639 629 757 590 807 793 657 775 763 823 591 649 693 606 509 764 536 631 622 717 
753 884 683 929 775 746 716 780 778 719 835 865 837 720 702 963 948 839 682 712 831 696 1009 778 976 981 760 1051 899 871 746 804 838 803 715 978 721 693 699 886 
644 773 548 762 595 647 623 736 697 665 631 794 625 684 546 758 815 710 641 628 706 656 755 650 794 675 706 784 720 755 708 678 855 645 623 732 538 678 706 730 
736 821 589 741 750 793 713 773 707 863 682 831 807 774 705 842 958 785 800 666 748 671 934 784 771 864 711 923 986 940 720 777 806 723 816 894 747 672 729 872 
965 1045 858 1046 968 993 900 937 929 981 940 1110 1045 935 854 1063 1108 923 915 936 969 920 1208 961 1161 1122 1027 1153 1283 1157 888 1002 997 959 929 1161 918 918 865 1131 
835 888 674 933 812 709 668 840 842 845 812 931 880 861 701 972 1016 874 741 644 747 810 1103 862 950 964 797 1200 987 862 794 832 937 825 776 957 703 772 741 936 
637 841 559 773 675 632 696 680 660 691 693 827 691 710 610 766 879 666 643 651 651 590 809 714 740 805 679 872 876 850 611 644 781 616 713 831 713 646 606 804 
902 1004 782 989 894 841 754 808 925 1001 825 1030 955 872 855 947 1082 922 890 860 856 976 1010 809 1042 992 992 963 1077 1043 804 902 1026 849 815 901 762 891 756 913 
935 1060 738 962 876 804 788 875 897 1032 959 1062 859 972 740 1007 1100 907 878 832 886 932 1008 935 1077 1115 943 1178 1093 1118 761 854 1004 938 794 1013 713 936 879 1056 
715 929 615 815 668 779 650 665 754 821 752 838 826 1162 0 896 868 736 695 617 675 766 879 703 901 877 845 996 944 854 664 658 749 787 754 824 692 783 601 802 
689 763 573 745 594 553 633 719 699 831 684 842 766 747 635 693 864 704 715 607 667 652 826 586 740 863 675 853 823 782 667 687 842 647 672 726 590 652 577 735 
730 800 669 750 636 801 662 623 723 743 651 887 763 810 701 813 876 698 735 597 662 651 885 671 877 762 827 862 853 839 671 643 808 709 624 761 562 679 574 790 
762 847 649 817 723 700 736 683 692 763 717 880 734 739 609 863 853 665 803 701 713 671 935 720 877 812 752 794 914 918 681 688 919 739 640 839 695 704 718 786 
711 872 616 823 663 767 782 775 749 839 657 855 821 807 837 939 928 769 742 752 807 739 989 717 899 937 783 961 918 816 843 729 890 756 890 816 637 773 532 767 
796 937 648 831 652 685 694 734 818 899 881 900 807 775 672 844 907 705 770 736 772 783 887 754 1016 982 775 1025 816 935 717 706 897 779 623 846 569 835 716 799 
752 849 647 878 864 709 699 680 758 830 688 879 778 747 655 866 979 782 763 716 756 813 975 808 882 943 886 977 1018 856 689 846 871 785 689 827 669 728 642 897 
823 858 641 808 701 737 705 816 821 899 789 883 881 871 705 854 895 671 873 761 775 701 951 750 1002 948 837 979 924 921 771 758 833 779 747 842 655 855 638 872 
778 891 584 810 696 831 708 739 830 753 672 848 796 772 743 932 902 761 783 692 820 683 916 783 896 924 773 990 876 843 810 677 865 739 667 861 674 780 719 787 
743 855 676 833 694 778 680 784 720 796 678 777 759 700 675 816 968 725 762 732 742 690 851 735 841 861 780 830 937 905 709 752 900 760 629 858 722 734 741 812 
676 870 566 871 761 778 713 703 836 790 680 909 810 735 730 867 928 757 810 663 792 837 980 748 884 1038 863 984 962 903 690 813 854 774 698 936 646 782 786 847 
824 1013 671 914 816 763 755 784 856 792 771 878 865 727 783 904 914 819 725 753 929 791 904 810 1048 848 776 926 997 917 895 772 925 851 766 828 754 815 663 791 
1480 810 660 812 718 720 640 720 668 770 737 818 701 792 674 843 940 763 653 656 681 794 965 757 917 857 713 916 910 877 665 726 881 881 714 849 605 655 640 791 
0 1198 0 889 885 778 661 802 826 890 759 856 886 739 732 885 1006 869 808 747 794 787 884 821 945 935 954 1064 995 931 787 958 877 726 716 906 677 752 776 942 
788 878 724 815 664 663 709 738 754 698 782 806 786 793 709 746 916 672 699 763 742 659 915 749 900 769 759 891 775 882 706 726 906 732 670 819 661 705 629 786 
941 1089 808 1042 943 893 825 958 1011 1067 929 1174 967 1047 904 1106 1140 961 930 869 800 959 1124 1008 1128 1121 966 1262 1097 1113 888 920 1017 1016 1005 1070 789 926 897 1043 
728 905 629 775 722 640 637 746 668 784 689 856 865 765 755 787 1018 931 675 684 744 732 846 785 906 823 906 1011 942 901 762 783 842 726 767 781 512 711 624 847 

